1
5
6
7
8
15
16
17
18
19
20
21
22
23
24
25
26
27
28
29
30
31
32
33
43
44
45
46
47
48
49
50
52
53
54
55
56
57
58
59
60
61
62
63
64
65
66
67
68
69
71
72
73
74
75
76
77
79
80
81
82
83
84
85
86
87
88
89
90
91
92
93
94
95
96
97
98
99
100
101
102
103
104
105
106
107
108
109
110
111
112
113
115
116
117
118
119
120
121
122
123
124
125
126
127
128
129
130
131
132
133
134
135
136
137
138
139
141
142
143
144
145
146
147
148
149
150
151
152
153
154
155
156
157
158
159
161
162
163
164
165
166
167
168
169
170
171
173
174
175
176
177
178
179
180
181
182
183
184
185
186
187
188
189
190
191
192
193
194
195
196
197
198
199
200
201
202
203
204
205
206
207
208
209
210
211
212
213
215
217
218
219
220
221
223
225
226
227
228
229
230
231
232
233
234
235
236
237
238
239
240
241
242
243
244
245
246
247
248
249
250
251
252
253
254
255
256
257
258
259
260
262
263
264
265
266
267
268
269
270
271
272
273
274
275
276
277
278
279
281
282
283
284
285
286
287
288
289
290
291
292
293
294
295
296
297
298
299
300
301
302
303
304
305
306
309
311
313
315
316
317
318
319
320
321
322
323
324
325
326
327
328
329
330
331
332
333
334
335
336
337
338
339
340
341
342
343
344
345
346
347
348
350
351
352
353
354
356
357
358
359
360
361
364
365
366
368
369
370
371
372
373
374
375
376
377
378
379
380
381
382
383
384
385
386
387
388
389
390
391
392
393
394
395
396
397
398
400
401
403
404
405
406
407
408
411
412
413
415
416
417
418
419
420
421
424
425
426
427
428
429
430
431
432
433
434
435
437
438
439
440
441
442
443
444
445
446
447
448
449
450
451
452
454
455
456
457
458
459
460
461
462
463
464
465
466
467
468
469
470
471
472
473
474
475
476
477
478
479
481
482
483
484
485
486
487
488
489
490
492
493
495
496
497
498
499
502
503
505
506
507
508
509
510
511
512
513
514
515
516
517
519
520
521
522
523
524
525
526
527
528
529
530
531
532
533
534
535
536
537
538
539
540
541
543
544
545
546
548
550
551
552
553
554
555
556
557
558
560
561
563
564
565
566
567
568
569
570
571
572
573
574
576
577
578
579
580
581
582
584
585
586
587
588
589
590
591
593
594
595
596
597
598
599
600
601
602
603
604
605
606
607
608
609
610
611
612
613
614
615
616
617
618
619
620
621
622
623
624
625
626
627
629
630
631
633
634
635
636
637
641
642
644
645
646
648
649
651
652
653
655
656
658
659
661
664
665
666
667
668
669
670
671
673
675
676
677
678
679
681
682
685
687
688
689
690
691
692
693
694
695
696
704
706
708
709
710
712
713
714
715
718
719
721
722
724
725
729
730
731
732
736
738
740
741
743
744
746
747
748
749
750
751
752
753
754
755
756
757
758
759
760
761
762
763
764
765
766
767
769
770
771
773
776
777
779
780
781
782
783
785
786
788
789
790
791
792
793
795
797
798
799
800
801
807
810
811
812
813
814
815
816
817
818
819
820
821
822
823
824
825
827
830
831
832
833
834
835
836
837
838
839
840
841
842
844
845
846
848
849
850
851
852
853
854
855
856
857
858
859
860
861
863
864
865
866
867
868
869
870
872
873
874
876
877
878
879
880
881
882
883
884
885
886
887
888
889
890
891
892
893
894
895
896
897
898
899
900
901
902
903
904
905
906
907
908
909
910
911
912
913
914
915
916
917
918
919
920
924
927
928
929
930
932
933
934
935
936
937
938
940
941
942
943
944
949
950
951
952
953
957
958
959
960
961
962
963
964
965
966
967
968
969
970
972
973
974
975
976
977
978
979
980
981
982
983
985
986
987
990
991
992
994
995
996
997
998
999
1000
1002
1003
1004
1005
1006
1007
1008
1009
1010
1011
1013
1014
1015
1016
1017
1018
1019
1021
1022
1023
1024
1025
1026
1027
1028
1029
1030
1031
1032
1033
1034
1035
1036
1037
1039
1040
1041
1042
1043
1044
1045
1046
1047
1048
1049
1050
1051
1053
1055
1056
1057
1059
1060
1062
1064
1065
1066
1067
1068
1069
1070
1071
1072
1075
1076
1079
1080
1081
1082
1083
1084
1085
1086
1087
1088
1089
1090
1091
1092
1094
1095
1097
1098
1101
1102
1103
1104
1105
1106
1107
1108
1109
1110
1113
1115
1116
1117
1118
1119
1120
1121
1122
1123
1124
1126
1127
1128
1130
1132
1133
1135
1136
1137
1138
1140
1141
1142
1143
1144
1145
1146
1148
1149
1150
1151
1152
1153
1154
1155
1156
1157
1160
1161
1162
1163
1164
1165
1166
1167
1168
1169
1170
1171
1172
1174
1175
1176
1177
1178
1179
1180
1181
1182
1183
1184
1185
1186
1189
1190
1191
1192
1193
1194
1195
1196
1198
1199
1200
1202
1203
1204
1205
1206
1207
1208
1209
1210
1211
1212
1214
1215
1216
1217
1218
1219
1220
1221
1222
1223
1224
1225
1226
1227
1228
1230
1231
1233
1234
1235
1237
1238
1239
1240
1241
1243
1245
1246
1247
1248
1249
1250
1251
1252
1253
1254
1255
1256
1257
1258
1259
1260
1261
1262
1263
1264
1267
1269
1270
1271
1272
1273
1274
1275
1276
1277
1278
1279
1280
1281
1283
1285
1286
1287
1288
1289
1290
1292
1293
1296
1297
1298
1299
1300
1301
1302
1303
1312
1313
1314
1316
1324
1325
1327
1328
1329
1331
1332
1333
1335
1336
1338
1339
1340
1341
1342
1343
1344
1345
1346
1347
1348
1349
1350
1351
1352
1353
1355
1356
1357
1358
1359
1360
1361
1362
1363
1364
1365
1366
1367
1368
1370
1371
1372
1373
1374
1375
1376
1377
1378
1379
1380
1382
1384
1385
1386
1387
1389
1390
1391
1396
1397
1398
1399
1400
1401
1403
1404
1405
1406
1407
1408
1410
1411
1412
1414
1415
1416
1418
1419
1420
1421
1422
1423
1424
1425
1426
1427
1428
1429
1430
1431
1432
1433
1434
1435
1436
1437
1438
1439
1440
1441
1442
1444
1445
1448
1450
1451
1452
1453
1454
1455
1456
1457
1458
1459
1462
1465
1466
1468
1469
1470
1471
1472
1474
1478
1479
1480
1482
1483
1484
1485
1486
1487
1488
1490
1491
1492
1493
1494
1495
1496
1497
1498
1499
1500
1501
1502
1504
1505
1506
1508
1509
1510
1511
1512
1513
1515
1516
1517
1519
1520
1521
1524
1525
1526
1527
1528
1529
1530
1531
1532
1533
1534
1535
1536
1537
1538
1539
1540
1541
1542
1543
1544
1546
1549
1550
1553
1554
1555
1556
1557
1558
1559
1560
1561
1562
1563
1564
1565
1566
1567
1569
1570
1571
1572
1573
1574
1575
1576
1577
1578
1579
1580
1581
1582
1583
1585
1586
1587
1589
1590
1591
1592
1593
1594
1595
1596
1597
1598
1599
1600
1601
1602
1603
1604
1606
1607
1608
1609
1611
1613
1614
1617
1618
1619
1621
1622
1623
1626
1627
1628
1629
1630
1632
1633
1634
1635
1637
1639
1640
1641
1642
1644
1645
1647
1648
1650
1651
1652
1654
1655
1657
1658
1660
1661
1662
1663
1664
1665
1668
1669
1674
1675
1678
1679
1681
1682
1683
1684
1685
1686
1688
1689
1690
1691
1692
1693
1694
1695
1696
1698
1699
1701
1703
1704
1705
1706
1707
1709
1710
1711
1712
1718
1719
1720
1721
1722
1723
1724
1725
1726
1727
1728
1729
1731
1732
1733
1734
1735
1736
1737
1738
1742
1743
1744
1746
1747
1748
1749
1750
1751
1752
1757
1759
1760
1761
1762
1763
1765
1766
1767
1768
1769
1770
1771
1772
1773
1775
1776
1777
1778
1780
1781
1782
1783
1784
1785
1786
1787
1788
1791
1792
1793
1794
1795
1796
1797
1798
1799
1800
1802
1803
1804
1805
1806
1807
1808
1810
1811
1812
1813
1815
1816
1817
1818
1819
1821
1822
1823
1824
1825
1826
1827
1828
1829
1830
1831
1832
1833
1834
1835
1837
1838
1840
1841
1842
1843
1844
1845
1846
1847
1849
1850
1851
1852
1853
1854
1855
1856
1857
1858
1859
1860
1862
1864
1865
1866
1867
1868
1869
1872
1874
1878
1879
1880
1881
1883
1884
1885
1887
1888
1889
1890
1894
1895
1896
1899
1900
1901
1902
1904
1905
1906
1907
1908
1909
1910
1911
1912
1913
1914
1915
1916
1917
1918
1920
1921
1922
1923
1926
1927
1928
1929
1930
1931
1932
1933
1935
1936
1937
1938
1940
1941
1942
1943
1944
1946
1949
1951
1952
1953
1954
1955
1956
1958
1959
1960
1961
1962
1965
1966
1967
1968
1969
1972
1973
1974
1975
1977
1978
1979
1982
1983
1984
1985
1988
1989
1990
1991
1992
1994
1995
1996
1998
2000
2001
2002
2003
2004
2006
2007
2008
2010
2011
2012
2013
2014
2016
2017
2018
2020
2022
2023
2025
2026
2029
2030
2031
2032
2033
2034
2035
2036
2037
2038
2039
2042
2043
2044
2047
2048
2049
2050
2051
2053
2054
2056
2057
2058
2060
2061
2062
2063
2064
2065
2066
2067
2068
2069
2070
2071
2072
2076
2078
2079
2080
2081
2082
2083
2087
2088
2089
2090
2092
2094
2095
2096
2097
2098
2102
2103
2104
2105
2106
2107
2109
2111
2112
2113
2114
2116
2123
2124
2127
2128
2129
2130
2131
2133
2134
2135
2136
2137
2138
2139
2140
2141
2142
2143
2144
2145
2146
2147
2148
2150
2151
2152
2153
2154
2155
2156
2157
2158
2159
2161
2162
2163
2164
2166
2167
2169
2170
2171
2172
2175
2176
2178
2180
2182
2183
2185
2187
2188
2189
2190
2191
2194
2196
2198
2199
2200
2201
2202
2204
2205
2207
2209
2210
2211
2213
2214
2216
2218
2219
2220
2221
2222
2223
2225
2228
2229
2230
2231
2232
2233
2234
2235
2236
2238
2239
2240
2245
2246
2248
2249
2250
2251
2252
2253
2254
2255
2256
2257
2258
2259
2260
2261
2262
2263
2264
2265
2266
2267
2268
2269
2272
2273
2274
2275
2277
2278
2279
2281
2282
2283
2284
2285
2286
2287
2288
2290
2291
2292
2293
2294
2298
2302
2308
2309
2311
2312
2313
2315
2317
2318
2319
2321
2322
2324
2325
2326
2328
2329
2330
2331
2332
2333
2336
2337
2338
2340
2341
2343
2344
2346
2348
2349
2350
2351
2352
2353
2354
2355
2356
2357
2359
2360
2361
2362
2363
2364
2365
2367
2369
2370
2371
2372
2373
2374
2375
2379
2380
2383
2384
2385
2386
2387
2388
2389
2390
2391
2392
2393
2394
2396
2397
2398
2400
2402
2403
2404
2406
2407
2408
2409
2410
2411
2412
2413
2414
2417
2418
2419
2420
2421
2422
2423
2424
2427
2428
2430
2431
2432
2433
2434
2435
2436
2437
2438
2439
2440
2441
2442
2443
2445
2446
2448
2449
2450
2451
2452
2453
2454
2455
2456
2457
2458
2459
2460
2461
2462
2463
2464
2465
2468
2469
2471
2472
2473
2474
2475
2476
2479
2480
2482
2483
2484
2486
2488
2489
2490
2494
2495
2497
2498
2499
2500
2501
2505
2508
2510
2511
2512
2513
2514
2516
2517
2520
2521
2522
2523
2524
2525
2526
2527
2528
2529
2530
2531
2532
2533
2534
2538
2539
2541
2542
2543
2544
2546
2547
2548
2549
2550
2551
2552
2554
2557
2558
2559
2560
2561
2562
2563
2564
2569
2574
2577
2579
2580
2581
2582
2583
2584
2585
2586
2589
2590
2591
2592
2593
2594
2595
2596
2598
2602
2603
2604
2605
2606
2607
2608
2609
2611
2613
2616
2617
2618
2619
2621
2622
2623
2648
2660
2666
2672
2680
2681
2683
2684
2685
2686
2688
2689
2690
2692
2693
2695
2698
2699
2702
2703
2704
2705
2706
2713
2714
2715
2716
2717
2718
2719
2721
2722
2723
2724
2726
2727
2728
2730
2731
2732
2733
2734
2740
2743
2744
2745
2746
2747
2748
2751
2752
2753
2754
2755
2756
2757
2758
2759
2760
2761
2762
2765
2766
2767
2768
2770
2772
2775
2776
2777
2778
2779
2780
2781
2782
2783
2785
2786
2787
2788
2789
2790
2791
2792
2793
2794
2795
2796
2797
2798
2799
2800
2803
2808
2810
2811
2813
2815
2816
2817
2818
2819
2820
2821
2823
2825
2826
2828
2832
2834
2835
2836
2837
2838
2839
2840
2841
2842
2847
2848
2851
2852
2858
2861
2862
2864
2866
2867
2868
2869
2870
2871
2872
2873
2874
2875
2876
2881
2882
2883
2884
2885
2889
2890
2891
2895
2897
2899
2903
2904
2907
2915
2916
2917
2920
2921
2923
2924
2926
2927
2928
2929
2931
2933
2934
2935
2936
2937
2938
2941
2942
2943
2944
2945
2946
2947
2948
2950
2951
2952
2953
2955
2959
2960
2961
2962
2963
2964
2965
2966
2967
2969
2970
2971
2972
2973
2974
2977
2978
2979
2981
2982
2983
2985
2986
2987
2988
2989
2990
2991
2993
2994
2997
3000
3001
3002
3003
3004
3005
3007
3008
3009
3010
3011
3012
3014
3015
3016
3019
3024
3025
3026
3031
3032
3033
3034
3035
3037
3038
3039
3040
3043
3044
3046
3048
3050
3051
3053
3054
3057
3058
3059
3060
3061
3062
3063
3064
3065
3066
3067
3069
3070
3072
3074
3075
3076
3077
3078
3079
3080
3081
3082
3085
3086
3087
3088
3089
3090
3091
3092
3094
3095
3099
3100
3101
3102
3107
3108
3109
3110
3111
3112
3113
3115
3120
3121
3125
3127
3132
3135
3140
3147
3152
3159
3160
3162
3165
3166
3167
3174
3175
3178
3185
3186
3192
3194
3203
3210
3215
3220
3221
3225
3226
3227
3229
3230
3231
3239
3247
3250
3252
3254
3256
3258
3265
3266
3268
3269
3270
3271
3272
3280
3281
3285
3286
3287
3297
3298
3299
3301
3302
3303
3305
3306
3307
3308
3309
3315
3318
3320
3322
3323
3324
3325
3326
3327
3328
3329
3332
3334
3335
3336
3342
3349
3352
3354
3356
3358
3359
3363
3366
3369
3370
3371
3375
3380
3381
3382
3384
3385
3389
3390
3391
3392
3398
3399
3401
3402
3403
3407
3411
3417
3418
3419
3420
3422
3424
3427
3429
3430
3437
3439
3442
3444
3446
3447
3448
3449
3452
3456
3457
3461
3462
3463
3464
3465
3466
3467
3468
3469
3470
3472
3473
3474
3475
3478
3479
3480
3481
3482
3483
3484
3485
3486
3488
3490
3497
3498
3501
3503
3506
3507
3508
3509
3511
3512
3515
3516
3518
3519
3522
3525
3526
3527
3531
3532
3533
3535
3536
3537
3538
3540
3541
3543
3545
3549
3550
3551
3557
3558
3559
3560
3561
3562
3563
3564
3567
3568
3569
3570
3572
3573
3574
3576
3577
3578
3579
3580
3581
3582
3583
3586
3587
3588
3593
3594
3595
3597
3599
3600
3602
3605
3613
3614
3616
3618
3620
3622
3624
3625
3627
3635
3636
3637
3638
3639
3641
3642
3644
3645
3646
3649
3652
3653
3654
3655
3656
3660
3661
3665
3667
3668
3670
3673
3679
3680
3681
3683
3684
3685
3686
3692
3701
3702
3706
3707
3710
3711
3713
3720
3726
3728
3729
3731
3734
3736
3737
3738
3743
3745
3747
3750
3754
3755
3757
3759
3771
3772
3782
3783
3784
3785
3787
3791
3793
3795
3799
3801
3805
3807
3809
3816
3818
3826
3827
3829
3832
3833
3837
3838
3839
3840
3841
3842
3847
3848
3853
3854
3858
3859
3866
3874
3882
3883
3884
3886
3887
3888
3889
3890
3896
3898
3905
3906
3907
3910
3911
3913
3914
3915
3916
3918
3919
3921
3927
3929
3930
3931
3939
3940
3941
3942
3944
3946
3948
3951
3953
3956
3958
3960
3962
3963
3965
3968
3969
3970
3972
3974
3976
3980
3981
3989
3992
3995
3998
4003
4004
4009
4010
4011
4014
4015
4017
4021
4024
4026
4027
4028
4031
4034
4037
4038
4039
4042
4049
4050
4051
4052
4053
4057
4058
4059
4060
4061
4062
4063
4066
4069
4070
4073
4080
4081
4082
4084
4087
4094
4095
4098
4106
4107
4114
4119
4124
4126
4127
4129
4130
4134
4136
4138
4147
4149
4150
4151
4155
4157
4158
4161
4162
4163
4164
4173
4176
4177
4178
4181
4182
4186
4187
4188
4189
4191
4192
4195
4196
4197
4198
4200
4201
4205
4209
4210
4213
4214
4224
4232
4240
4246
4250
4252
4262
4264
4266
4278
4282
4286
4298
4304
4310
4318
4320
4334
4342
4353
4355
4357
4358
4360
4362
4363
4364
4365
4369
4371
4378
4379
4382
4385
4387
4389
4391
4394
4397
4398
4399
4406
4411
4415
4419
4420
4427
4437
4439
4447
4450
4451
4458
4460
4461
4462
4469
4472
4473
4475
4477
4481
4483
4485
4486
4487
4490
4491
4492
4493
4495
4496
4498
4502
4503
4513
4522
4524
4531
4532
4533
4535
4540
4541
4548
4549
4550
4551
4555
4556
4558
4562
4563
4565
4567
4574
4581
4584
4586
4590
4591
4600
4601
4603
4608
4617
4618
4639
4644
4645
4646
4654
4657
4660
4662
4667
4672
4681
4685
4688
4689
4690
4692
4693
4698
4699
4701
4705
4713
4714
4715
4718
4719
4720
4722
4725
4726
4729
4731
4732
4733
4737
4742
4744
4752
4756
4760
4761
4763
4765
4772
4773
4775
4789
4792
4793
4794
4795
4799
4807
4808
4810
4811
4813
4814
4820
4823
4825
4834
4835
4840
4841
4849
4851
4854
4855
4856
4866
4872
4874
4876
4879
4884
4896
4898
4901
4903
4908
4918
4921
4926
4934
4935
4936
4938
4943
4948
4962
4966
4970
4975
4981
4983
4985
4991
4999
5002
5005
5006
5014
5016
5017
5019
5020
5025
5027
5028
5029
5030
5031
5032
5034
5039
5040
5041
5042
5043
5045
5049
5053
5054
5060
5065
5070
5074
5075
5079
5080
5081
5082
5084
5085
5090
5096
5097
5101
5107
5108
5109
5112
5114
5116
5118
5129
5132
5133
5141
5150
5152
5153
5154
5155
5158
5162
5163
5164
5165
5168
5172
5177
5178
5191
5193
5194
5196
5197
5200
5203
5204
5205
5207
5208
5209
5210
5211
5212
5213
5214
5216
5217
5220
5225
5226
5228
5231
5232
5233
5235
5244
5246
5249
5251
5252
5258
5259
5262
5263
5266
5267
5270
5272
5276
5277
5279
5281
5285
5289
5290
5291
5293
5296
5298
5299
5300
5304
5306
5307
5310
5315
5316
5321
5324
5330
5332
5333
5337
5341
5342
5343
5347
5348
5353
5355
5356
5365
5369
5383
5386
5391
5397
5402
5419
5420
5424
5440
5447
5449
5454
5460
5462
5464
5469
5476
5477
5485
5493
5494
5496
5501
5504
5505
5507
5521
5522
5525
5526
5529
5530
5538
5547
5548
5549
5554
5561
5568
5569
5572
5576
5578
5583
5584
5585
5589
5593
5597
5603
5605
5609
5611
5612
5620
5622
5624
5630
5631
5632
5643
5644
5651
5658
5662
5663
5667
5670
5671
5673
5674
5675
5678
5680
5681
5682
5684
5686
5688
5689
5690
5691
5702
5712
5713
5715
5717
5719
5733
5734
5742
5743
5751
5760
5762
5763
5764
5772
5773
5774
5784
5785
5799
5802
5812
5813
5814
5819
5826
5830
5834
5835
5842
5845
5854
5865
5868
5869
5870
5872
5873
5874
5875
5877
5878
5883
5890
5902
5904
5907
5909
5914
5917
5918
5920
5923
5924
5926
5928
5934
5936
5940
5941
5945
5947
5955
5956
5957
5958
5959
5962
5973
5978
5983
5984
5990
5992
5993
5998
6000
6007
6008
6016
6023
6024
6025
6030
6031
6033
6041
6045
6046
6050
6055
6060
6064
6069
6076
6078
6090
6097
6098
6112
6114
6115
6116
6117
6120
6122
6127
6129
6131
6137
6148
6149
6151
6153
6154
6162
6163
6164
6165
6166
6169
6171
6172
6178
6181
6182
6183
6184
6187
6189
6194
6198
6199
6201
6203
6205
6211
6213
6217
6219
6220
6229
6231
6234
6261
6266
6273
6276
6277
6280
6281
6287
6288
6291
6293
6303
6305
6318
6324
6325
6336
6337
6344
6346
6347
6351
6355
6361
6368
6372
6377
6380
6381
6383
6385
6392
6399
6402
6408
6413
6421
6422
6425
6431
6437
6438
6443
6444
6462
6463
6465
6467
6472
6479
6484
6489
6491
6496
6500
6505
6511
6512
6525
6527
6531
6533
6535
6546
6547
6553
6554
6557
6558
6560
6567
6572
6573
6574
6581
6582
6586
6590
6591
6594
6604
6607
6609
6610
6616
6622
6624
6628
6633
6634
6635
6637
6641
6645
6654
6666
6675
6676
6680
6682
6684
6685
6686
6688
6689
6690
6691
6692
6694
6702
6704
6705
6707
6709
6712
6713
6714
6718
6721
6726
6736
6746
6747
6758
6761
6769
6772
6773
6774
6787
6791
6793
6794
6795
6797
6802
6809
6811
6823
6828
6829
6836
6837
6838
6839
6840
6841
6844
6848
6851
6852
6857
6862
6864
6867
6872
6875
6878
6880
6882
6884
6885
6891
6892
6893
6895
6896
6901
6902
6903
6904
6909
6918
6919
6920
6922
6927
6935
6937
6941
6942
6945
6946
6948
6950
6951
6953
6954
6956
6958
6973
6974
6978
6979
6980
6984
6985
6986
6987
6993
6994
6999
7014
7016
7017
7021
7024
7025
7027
7028
7029
7030
7031
7044
7053
7054
7058
7059
7062
7079
7081
7082
7088
7103
7110
7112
7113
7117
7139
7144
7148
7152
7156
7162
7164
7169
7170
7171
7176
7178
7179
7192
7193
7222
7230
7243
7244
7247
7252
7255
7257
7258
7259
7261
7262
7264
7265
7266
7268
7273
7276
7279
7290
7295
7304
7311
7314
7322
7329
7334
7336
7337
7338
7363
7367
7374
7375
7376
7395
7396
7411
7452
7455
7456
7458
7465
7466
7468
7472
7474
7479
7482
7485
7491
7494
7497
7498
7505
7518
7530
7532
7540
7547
7559
7561
7573
7579
7580
7581
7582
7583
7588
7590
7591
7592
7593
7596
7597
7598
7601
7610
7612
7617
7621
7627
7645
7646
7647
7655
7661
7662
7666
7668
7669
7674
7683
7695
7705
7708
7711
7712
7718
7720
7721
7723
7724
7728
7730
7739
7740
7744
7745
7748
7759
7768
7769
7770
7771
7781
7782
7785
7786
7791
7793
7805
7809
7810
7811
7817
7818
7843
7858
7870
7877
7882
7897
7900
7953
7969
7985
8023
8026
8038
8039
8041
8057
8062
8063
8068
8074
8078
8081
8086
8097
8098
8100
8101
8109
8110
8111
8115
8120
8129
8134
8142
8171
8182
8187
8190
8197
8206
8208
8216
8217
8228
8230
8241
8246
8247
8248
8249
8250
8277
8278
8287
8289
8291
8292
8293
8294
8297
8302
8310
8311
8331
8332
8333
8337
8339
8353
8358
8369
8407
8408
8410
8422
8424
8425
8426
8436
8440
8449
8456
8457
8460
8464
8465
8475
8476
8479
8481
8487
8500
8503
8514
8516
8518
8525
8526
8532
8533
8536
8557
8560
8577
8584
8598
8599
8603
8609
8619
8624
8626
8630
8632
8634
8635
8646
8647
8648
8651
8652
8653
8654
8655
8666
8668
8675
8676
8687
8689
8701
8705
8713
8726
8728
8740
8743
8751
8765
8768
8769
8774
8778
8792
8795
8800
8837
8840
8841
8842
8855
8857
8861
8876
8888
8894
8896
8898
8899
8915
8917
8918
8920
8925
8934
8935
8936
8937
8939
8961
8968
8985
8986
8987
8995
9000
9001
9002
9006
9008
9009
9014
9032
9040
9041
9045
9047
9055
9062
9063
9065
9074
9077
9088
9106
9107
9117
9120
9130
9135
9136
9159
9163
9167
9181
9201
9202
9203
9204
9205
9211
9213
9220
9228
9232
9241
9252
9253
9254
9260
9279
9287
9288
9289
9303
9308
9310
9311
9312
9314
9322
9324
9326
9328
9330
9331
9332
9333
9335
9340
9342
9344
9346
9347
9352
9353
9355
9362
9366
9367
9375
9379
9392
9395
9434
9435
9441
9442
9465
9467
9471
9479
9488
9491
9493
9494
9506
9509
9510
9513
9515
9521
9523
9526
9539
9544
9545
9563
9575
9581
9584
9587
9588
9591
9598
9599
9600
9608
9611
9617
9618
9624
9638
9645
9646
9656
9662
9667
9675
9689
9691
9693
9708
9712
9721
9724
9731
9732
9733
9734
9735
9736
9737
9741
9744
9745
9750
9751
9754
9756
9760
9761
9776
9778
9782
9789
9790
9792
9793
9798
9799
9801
9806
9818
9822
9826
9829
9832
9834
9837
9846
9849
9850
9851
9863
9874
9887
9890
9893
9895
9904
9911
9917
9919
9922
9924
9925
9926
9930
9931
9934
9935
9936
9938
9940
9941
9943
9951
9958
9963
9968
9969
9970
9981
9982
9988
9989
9990
9996
9999
10003
10012
10013
10014
10015
10016
10017
10020
10029
10030
10033
10043
10049
10050
10067
10073
10074
10075
10076
10077
10079
10080
10083
10087
10092
10098
10101
10105
10106
10108
10109
10110
10115
10119
10132
10138
10152
10153
10155
10156
10161
10162
10163
10165
10172
10178
10180
10187
10189
10191
10196
10197
10199
10209
10213
10216
10217
10218
10219
10232
10257
10258
10259
10260
10263
10271
10278
10280
10294
10297
10298
10301
10308
10321
10325
10327
10330
10336
10338
10347
10348
10349
10350
10351
10355
10357
10359
10372
10378
10379
10380
10384
10389
10391
10392
10396
10397
10406
10408
10417
10418
10419
10421
10429
10436
10444
10445
10447
10448
10456
10457
10458
10459
10460
10463
10464
10465
10466
10469
10470
10483
10488
10490
10491
10495
10497
10500
10501
10502
10504
10507
10513
10516
10519
10521
10532
10534
10536
10545
10546
10552
10553
10568
10570
10572
10573
10575
10578
10582
10584
10588
10589
10590
10595
10604
10607
10611
10620
10622
10628
10629
10638
10643
10647
10659
10668
10671
10681
10683
10686
10687
10689
10690
10694
10695
10697
10701
10702
10711
10713
10714
10715
10716
10717
10718
10719
10720
10721
10723
10728
10731
10737
10739
10740
10743
10763
10764
10766
10770
10779
10780
10790
10792
10793
10794
10796
10798
10800
10801
10804
10805
10808
10825
10827
10832
10834
10838
10842
10845
10851
10862
10863
10869
10884
10893
10897
10906
10918
10928
10933
10934
10935
10937
10938
10958
10979
10999
11001
11005
11013
11021
11031
11033
11065
11067
11077
11079
11083
11099
11101
11103
11111
11113
11123
11135
11141
11161
11177
11179
11185
11209
11221
11227
11235
11237
11239
11241
11255
11266
11269
11285
11307
11313
11319
11321
11341
11349
11355
11357
11371
11375
11385
11411
11433
11441
11447
11457
11465
11467
11487
11491
11499
11523
11531
11537
11543
11553
11561
11577
11579
11583
11597
11615
11617
11633
11659
11661
11665
11679
11687
11689
11701
11703
11705
11717
11729
11737
11739
11741
11743
11745
11747
11751
11755
11757
11759
11761
11763
11769
11771
11773
11777
11783
11785
11795
11799
11807
11809
11813
11815
11827
11837
11843
11855
11859
11867
11869
11879
11883
11887
11889
11897
11915
11917
11933
11969
11977
11979
11981
11997
12015
12017
12021
12029
12031
12035
12049
12053
12055
12057
12059
12067
12069
12079
12113
12115
12117
12119
12123
12131
12137
12143
12149
12157
12175
12187
12189
12191
12221
12231
12237
12255
12267
12281
12293
12295
12317
12321
12355
12365
12367
12373
12375
12403
12411
12413
12419
12429
12431
12433
12437
12445
12447
12449
12461
12467
12471
12477
12481
12483
12485
12487
12501
12503
12531
12549
12561
12565
12581
12599
12603
12611
12623
12637
12651
12661
12663
12665
12669
12671
12673
12677
12679
12683
12685
12695
12699
12711
12715
12729
12745
12753
12755
12783
12789
12795
12803
12815
12857
12859
12863
12865
12867
12875
12879
12883
12885
12893
12907
12917
12919
12935
12955
12957
12959
12961
12967
12979
12995
12997
13019
13029
13053
13055
13057
13073
13093
13115
13117
13119
13125
13137
13139
13141
13145
13159
13161
13163
13169
13171
13173
13175
13185
13201
13203
13215
13217
13219
13221
13239
13247
13249
13253
13261
13263
13267
13271
13283
13307
13311
13325
13331
13333
13335
13349
13357
13367
13377
13379
13391
13403
13405
13407
13409
13411
13421
13427
13429
13439
13449
13455
13469
13479
13503
13513
13517
13519
13535
13561
13563
13585
13587
13595
13599
13601
13629
13639
13643
13655
13659
13663
13667
13673
13675
13691
13693
13715
13755
13759
13767
13793
13795
13807
13833
13835
13837
13843
13851
13855
13859
13863
13917
13939
13971
14027
14045
14049
14073
14075
14093
14123
14127
14129
14131
14145
14173
14175
14189
14199
14227
14237
14267
14277
14283
14289
14293
14333
14345
14347
14349
14353
14355
14373
14379
14397
14407
14467
14479
14511
14513
14515
14527
14539
14543
14563
14617
14629
14645
14647
14653
14657
14659
14661
14663
14669
14685
14713
14719
14735
14741
14743
14749
14751
14753
14765
14807
14811
14813
14817
14827
14829
14833
14835
14837
14853
14875
14893
14913
14921
14941
14951
14967
14991
14993
14995
15005
15021
15037
15039
15043
15045
15051
15059
15061
15077
15085
15097
15109
15117
15119
15125
15127
15133
15177
15195
15197
15199
15201
15225
15227
15279
15291
15307
15313
15315
15323
15335
15359
15377
15379
15391
15409
15411
15417
15423
15437
15439
15451
15487
15489
15535
15537
15539
15541
15565
15583
15605
15609
15611
15613
15617
15633
15649
15651
15673
15687
15689
15699
15729
15731
15751
15771
15775
15783
15785
15793
15807
15809
15811
15813
15839
15841
15843
15845
15847
15863
15867
15879
15881
15883
15891
15895
15911
15915
15925
15927
15933
15959
15961
15963
15989
16001
16005
16009
16011
16021
16023
16035
16049
16051
16059
16067
16091
16099
16101
16123
16131
16143
16149
16157
16169
16187
16189
16199
16201
16211
16233
16239
16241
16247
16251
16255
16273
16317
16319
16331
16347
16353
16355
16363
16381
16385
16389
16395
16397
16405
16417
16419
16434
16436
16442
16444
16468
16472
16474
16476
16498
16508
16512
16518
16524
16528
16576
16592
16602
16604
16606
16608
16610
16638
16642
16644
16656
16662
16664
16668
16678
16680
16690
16692
16694
16700
16706
16732
16742
16754
16756
16762
16774
16778
16782
16786
16794
16802
16822
16866
16868
16870
16890
16894
16904
16906
16910
16914
16916
16918
16934
16982
17010
17012
17068
17074
17080
17082
17115
17121
17127
17157
17187
17201
17205
17223
17245
17247
17249
17251
17259
17265
17267
17269
17291
17293
17341
17351
17357
17371
17389
17391
17395
17397
17409
17437
17469
17491
17505
17513
17521
17535
17537
17539
17543
17549
17573
17585
17635
17637
17641
17643
17651
17655
17659
17677
17679
17681
17699
17703
17717
17719
17725
17727
17729
17731
17733
17739
17741
17743
17745
17747
17777
17791
17813
17815
17819
17821
17827
17831
17843
17849
17867
17871
17873
17875
17879
17895
17901
17909
17917
17919
17947
17949
18001
18039
18041
18045
18055
18095
18097
18099
18115
18119
18121
18137
18139
18149
18153
18177
18179
18191
18195
18205
18229
18245
18247
18277
18295
18343
18375
18391
18393
18397
18411
18413
18429
18441
18449
18455
18457
18463
18465
18481
18495
18497
18499
18507
18523
18525
18557
18561
18573
18599
18617
18619
18653
18655
18661
18671
18677
18679
18689
18691
18693
18695
18745
18753
18755
18767
18771
18799
18831
18849
18851
18857
18881
18893
18897
18953
18959
18989
19021
19023
19029
19051
19067
19081
19101
19109
19111
19115
19117
19123
19133
19135
19151
19157
19159
19163
19165
19191
19193
19195
19209
19211
19213
19217
19219
19221
19231
19251
19257
19261
19283
19285
19291
19297
19315
19319
19351
19363
19365
19367
19369
19383
19391
19397
19429
19469
19489
19511
19523
19569
19573
19575
19597
19613
19631
19633
19647
19653
19669
19671
19685
19697
19703
19759
19769
19775
19799
19815
19841
19855
19857
19859
19889
19919
19945
19951
19953
19973
20021
20031
20033
20035
20039
20045
20047
20053
20057
20075
20141
20159
20189
20221
20239
20267
20329
20355
20359
20365
20371
20377
20379
20381
20423
20431
20449
20457
20463
20469
20473
20479
20505
20507
20509
20517
20533
20539
20541
20543
20545
20555
20583
20587
20589
20613
20651
20655
20671
20673
20689
20707
20709
20713
20745
20757
20767
20785
20787
20801
20811
20843
20847
20849
20853
20855
20871
20889
20899
20903
20907
20909
20913
20919
20929
20931
20939
20945
20951
20959
20965
20971
20973
20977
21001
21009
21013
21027
21033
21039
21041
21059
21067
21069
21085
21089
21097
21105
21107
21163
21167
21177
21179
21185
21189
21195
21201
21241
21267
21273
21325
21327
21329
21335
21339
21349
21353
21363
21373
21393
21395
21405
21407
21415
21419
21421
21427
21431
21435
21437
21439
21451
21469
21473
21495
21497
21507
21511
21521
21541
21557
21561
21563
21569
21573
21587
21597
21603
21635
21639
21647
21649
21653
21659
21663
21667
21671
21677
21679
21681
21703
21729
21743
21751
21755
21771
21773
21781
21797
21809
21821
21829
21831
21833
21835
21843
21845
21855
21861
21863
21867
21877
21881
21891
21925
21939
21995
22039
22043
22049
22069
22097
22099
22101
22117
22119
22123
22125
22135
22145
22147
22157
22159
22161
22165
22167
22169
22173
22175
22177
22179
22181
22189
22199
22205
22215
22225
22249
22265
22273
22297
22319
22329
22335
22345
22347
22359
22377
22385
22401
22415
22427
22429
22433
22435
22507
22535
22537
22547
22561
22583
22655
22661
22663
22673
22677
22687
22689
22693
22729
22733
22745
22759
22763
22777
22785
22789
22819
22831
22835
22839
22841
22847
22859
22865
22877
22955
22961
23029
23033
23037
23047
23051
23053
23057
23059
23061
23063
23067
23079
23083
23101
23121
23133
23135
23151
23199
23201
23209
23213
23225
23233
23247
23249
23251
23259
23265
23269
23273
23277
23279
23281
23283
23285
23289
23301
23309
23311
23317
23319
23321
23325
23327
23333
23341
23365
23369
23375
23383
23385
23421
23423
23427
23433
23439
23441
23447
23459
23479
23519
23539
23551
23579
23587
23605
23619
23623
23665
23673
23697
23699
23701
23703
23725
23735
23737
23755
23759
23775
23777
23787
23831
23835
23837
23877
23903
23931
23933
23945
23985
23987
23989
23991
24011
24021
24029
24031
24037
24075
24127
24133
24135
24151
24175
24201
24211
24227
24231
24261
24271
24273
24277
24317
24327
24347
24357
24363
24365
24377
24405
24415
24439
24451
24453
24455
24459
24471
24475
24531
24543
24591
24625
24627
24629
24641
24655
24687
24695
24699
24701
24703
24705
24727
24745
24751
24765
24781
24817
24821
24823
24833
24835
24849
24851
24855
24873
24877
24893
24901
24903
24909
24911
24913
24919
24921
24935
24967
24987
24991
24997
25011
25013
25015
25045
25055
25099
25143
25157
25159
25161
25173
25183
25241
25271
25283
25285
25303
25313
25341
25345
25363
25365
25375
25389
25397
25429
25431
25439
25457
25461
25517
25519
25537
25567
25647
25649
25667
25681
25687
25689
25729
25731
25755
25777
25781
25801
25805
25833
25835
25839
25857
25859
25861
25867
25875
25877
25879
25883
25907
25923
25939
25991
26011
26023
26031
26055
26057
26059
26085
26123
26165
26183
26213
26243
26349
26351
26395
26441
26443
26449
26453
27363
27387
27405
27411
27417
27419
27441
27503
27525
27539
27573
27601
27603
27613
27629
27631
27633
27655
27663
27727
27741
27747
27757
27775
27783
27787
27793
27815
27821
27825
27829
27831
27833
27857
27879
27887
27891
27899
27909
27911
27927
27939
27945
27947
27957
27967
27969
27989
27991
27997
28013
28025
28041
28051
28063
28069
28077
28085
28105
28121
28149
28155
28157
28169
28171
28205
28207
28211
28215
28221
28223
28227
28241
28245
28249
28251
28257
28263
28283
28285
28297
28299
28305
28309
28311
28313
28339
28351
28381
28387
28391
28405
28419
28423
28439
28447
28479
28497
28511
28517
28519
28537
28539
28543
28595
28607
28617
28619
28621
28623
28625
28637
28641
28645
28647
28657
28669
28673
28675
28677
28683
28691
28701
28713
28715
28717
28725
28735
28755
28761
28771
28775
28779
28789
28791
28805
28817
28819
28825
28833
28835
28841
28843
28851
28853
28859
28861
28869
28883
28891
28907
28927
28929
28951
28955
28957
28961
28977
28979
28981
28993
28999
29017
29027
29053
29067
29083
29085
29089
29093
29101
29105
29123
29163
29165
29261
29291
29293
29301
29317
29325
29347
29427
29459
29483
29495
29511
29513
29573
29575
29583
29587
29589
29597
29615
29617
29619
29623
29629
29705
29707
29727
29755
29758
29768
29771
29772
29777
29785
29786
29787
29803
29807
29808
29809
29829
29831
29852
29854
29855
29856
29868
29876
29893
29897
29905
29906
29907
29908
29915
29916
29927
29932
29941
29943
29946
29949
29952
29955
29957
29974
29975
29978
29979
29980
29984
29988
29995
30010
30013
30014
30015
30016
30030
30039
30053
30056
30058
30059
30066
30086
30088
30091
30092
30095
30100
30103
30123
30127
30128
30132
30137
30155
30187
30191
30193
30196
30205
30206
30218
30230
30234
30240
30242
30243
30246
30250
30251
30262
30276
30279
30296
30300
30307
30311
30321
30327
30328
30332
30334
30344
30346
30347
30355
30358
30363
30364
30365
30367
30370
30375
30379
30381
30382
30383
30384
30385
30386
30394
30396
30397
30403
30405
30412
30413
30415
30419
30424
30437
30454
30458
30460
30463
30484
30485
30499
30503
30514
30524
30531
30537
30543
30544
30547
30549
30559
30571
30573
30583
30585
30600
30614
30649
30651
30652
30654
30658
30663
30664
30665
30667
30668
30669
30694
30695
30702
30705
30709
30711
30714
30721
30727
30736
30739
30740
30741
30745
30746
30749
30751
30757
30766
30770
30771
30778
30782
30795
30806
30812
30813
30817
30826
30831
30850
30859
30860
30862
30868
30885
30886
30891
30895
30896
30898
30901
30902
30903
30909
30911
30913
30915
30920
30922
30947
30948
30952
30955
30967
30991
31014
31018
31035
31043
31049
31050
31051
31054
31055
31068
31070
31080
31091
31096
31098
31101
31108
31109
31115
31117
31118
31121
31128
31138
31139
31143
31147
31149
31156
31157
31163
31165
31173
31174
31178
31181
31189
31196
31201
31221
31223
31227
31229
31231
31233
31234
31240
31245
31246
31251
31257
31259
31261
31262
31263
31266
31267
31280
31283
31289
31297
31318
31321
31324
31326
31327
31338
31339
31344
31368
31370
31374
31376
31378
31380
31387
31389
31397
31400
31402
31403
31404
31405
31414
31417
31418
31422
31430
31433
31439
31440
31442
31452
31456
31471
31478
31483
31485
31486
31490
31491
31498
31499
31500
31501
31506
31507
31510
31518
31519
31521
31534
31537
31540
31549
31552
31553
31559
31560
31561
31564
31573
31578
31580
31581
31583
31584
31585
31586
31588
31592
31598
31610
31621
31624
31629
31630
31631
31633
31634
31636
31637
31643
31645
31646
31652
31658
31665
31670
31675
31676
31678
31680
31683
31685
31686
31687
31688
31689
31695
31704
31706
31710
31711
31715
31722
31733
31736
31737
31738
31740
31741
31749
31754
31756
31757
31758
31759
31762
31763
31764
31765
31771
31772
31777
31780
31783
31788
31789
31790
31793
31797
31798
31804
31810
31812
31815
31821
31832
31838
31845
31848
31853
31859
31861
31865
31867
31880
31883
31884
31885
31886
31890
31904
31909
31911
31914
31918
31925
31927
31931
31933
31941
31952
31953
31964
31966
31972
31973
31980
31988
31989
31994
31995
31997
32005
32013
32015
32016
32023
32032
32038
32041
32051
32063
32065
32071
32083
32084
32086
32093
32094
32105
32108
32152
32153
32160
32171
32174
32175
32182
32188
32189
32190
32191
32212
32214
32215
32222
32228
32230
32233
32239
32245
32247
32262
32267
32268
32271
32281
32282
32287
32288
32294
32296
32298
32301
32309
32310
32311
32313
32321
32323
32343
32346
32353
32355
32360
32365
32366
32370
32380
32384
32397
32400
32405
32407
32410
32423
32438
32447
32454
32461
32467
32483
32484
32485
32491
32494
32521
32526
32542
32543
32547
32551
32553
32555
32557
32561
32563
32566
32571
32574
32581
32585
32587
32595
32596
32601
32603
32606
32607
32608
32613
32615
32620
32633
32648
32664
32667
32668
32673
32681
32682
32686
32691
32696
32697
32698
32699
32707
32717
32729
32730
32735
32740
32745
32750
32762
32772
32785
32792
32801
32804
32805
32813
32827
32828
32829
32830
32833
32836
32843
32851
32852
32854
32863
32864
32866
32867
32869
32870
32871
32872
32878
32881
32887
32894
32895
32899
32900
32901
32902
32906
32924
32930
32935
32936
32937
32946
32947
32948
32949
32950
32959
32961
32962
32977
32979
32981
32982
32983
32993
32995
32997
32998
33003
33004
33010
33011
33012
33013
33018
33019
33021
33023
33025
33026
33027
33028
33031
33032
33034
33035
33036
33037
33041
33042
33045
33046
33047
33049
33051
33056
33069
33071
33075
33080
33082
33089
33091
33094
33095
33103
33104
33106
33113
33125
33129
33138
33142
33153
33155
33156
33157
33161
33165
33184
33185
33187
33190
33191
33195
33197
33201
33203
33204
33205
33206
33209
33217
33218
33219
33220
33221
33222
33231
33236
33238
33240
33241
33242
33244
33245
33247
33248
33253
33254
33255
33263
33273
33274
33279
33280
33281
33282
33283
33286
33291
33299
33302
33308
33309
33312
33314
33322
33323
33326
33337
33338
33341
33350
33352
33354
33362
33363
33369
33371
33377
33378
33391
33392
33393
33394
33417
33419
33420
33421
33433
33434
33447
33455
33462
33473
33475
33478
33486
33487
33489
33490
33502
33505
33506
33508
33513
33514
33515
33522
33524
33531
33532
33534
33537
33564
33566
33569
33572
33573
33581
33589
33605
33606
33654
33661
33668
33672
33674
33685
33690
33692
33693
33696
33697
33702
33709
33710
33712
33713
33718
33726
33728
33730
33731
33733
33734
33740
33741
33743
33746
33750
33758
33759
33768
33769
33770
33771
33775
33777
33783
33788
33795
33797
33801
33803
33811
33814
33818
33820
33834
33835
33836
33840
33845
33850
33859
33865
33883
33886
33889
33898
33899
33902
33905
33909
33910
33911
33913
33926
33929
33933
33934
33941
33948
33949
33950
33962
33964
33966
33969
33970
33975
33979
33981
33983
33985
33988
33993
34009
34012
34015
34019
34021
34028
34030
34032
34034
34036
34048
34051
34052
34055
34076
34085
34086
34096
34100
34102
34103
34104
34106
34107
34124
34126
34134
34136
34148
34152
34161
34168
34173
34176
34177
34204
34208
34209
34213
34223
34238
34240
34252
34257
34262
34277
34279
34280
34281
34283
34284
34289
34290
34295
34299
34300
34307
34309
34312
34321
34324
34332
34337
34338
34346
34350
34361
34368
34374
34375
34376
34382
34383
34388
34389
34391
34392
34393
34402
34411
34414
34418
34420
34422
34427
34428
34430
34437
34438
34439
34440
34443
34445
34449
34450
34451
34453
34465
34467
34471
34474
34480
34481
34491
34492
34494
34497
34498
34500
34501
34504
34510
34514
34522
34525
34529
34530
34534
34535
34537
34539
34540
34541
34542
34543
34544
34547
34549
34550
34552
34561
34566
34572
34577
34580
34591
34599
34602
34604
34607
34611
34612
34618
34620
34623
34626
34631
34633
34634
34636
34638
34642
34644
34647
34649
34652
34655
34658
34659
34662
34670
34675
34712
34716
34720
34723
34733
34734
34740
34742
34745
34747
34753
34758
34759
34771
34776
34777
34784
34787
34792
34795
34798
34799
34800
34812
34818
34820
34821
34822
34823
34825
34834
34839
34852
34855
34863
34866
34870
34881
34887
34899
34901
34902
34903
34904
34914
34915
34928
34933
34934
34937
34944
34958
34962
34964
34966
34969
34973
34974
34978
34984
35000
35006
35009
35015
35028
35029
35033
35044
35062
35067
35069
35072
35073
35075
35076
35079
35082
35099
35114
35118
35120
35122
35134
35135
35145
35159
35178
35180
35182
35183
35191
35198
35202
35203
35204
35220
35222
35224
35228
35230
35235
35237
35238
35240
35241
35247
35248
35249
35250
35251
35255
35263
35264
35267
35286
35298
35300
35313
35314
35320
35327
35329
35330
35333
35334
35338
35343
35363
35366
35369
35370
35376
35382
35383
35386
35389
35394
35395
35398
35399
35400
35402
35403
35406
35407
35413
35418
35427
35434
35446
35448
35459
35465
35466
35484
35498
35499
35503
35507
35510
35512
35522
35540
35541
35557
35558
35559
35567
35581
35587
35589
35592
35602
35608
35623
35626
35629
35631
35635
35639
35645
35658
35672
35673
35676
35677
35678
35683
35691
35706
35709
35712
35714
35720
35726
35727
35730
35739
35740
35756
35757
35760
35770
35773
35776
35777
35780
35788
35789
35790
35798
35800
35806
35809
35814
35815
35818
35821
35823
35828
35834
35835
35838
35839
35840
35842
35843
35847
35848
35849
35851
35857
35860
35868
35883
35889
35891
35905
35923
35926
35928
35931
35936
35946
35949
35964
35965
35968
35971
35972
35974
35975
35976
35978
35979
35982
35983
35984
35988
35994
35997
36000
36001
36009
36010
36022
36023
36027
36028
36029
36030
36037
36038
36039
36040
36043
36049
36051
36077
36078
36083
36094
36098
36106
36107
36108
36111
36115
36116
36119
36121
36122
36124
36125
36137
36144
36148
36156
36157
36160
36185
36186
36194
36197
36198
36214
36215
36220
36223
36225
36239
36240
36241
36242
36245
36250
36254
36256
36259
36266
36267
36275
36286
36288
36290
36291
36296
36305
36308
36309
36316
36317
36318
36352
36353
36359
36362
36368
36369
36370
36371
36376
36392
36407
36409
36428
36431
36432
36455
36456
36466
36468
36470
36474
36475
36480
36483
36491
36492
36510
36511
36513
36515
36516
36517
36522
36524
36525
36536
36538
36539
36548
36553
36560
36563
36564
36565
36587
36593
36598
36599
36600
36601
36616
36619
36630
36632
36633
36636
36644
36649
36652
36653
36654
36655
36686
36688
36689
36704
36720
36721
36726
36728
36737
36745
36747
36748
36750
36754
36755
36756
36762
36774
36775
36777
36784
36789
36792
36793
36797
36798
36800
36812
36816
36817
36824
36828
36836
36838
36840
36847
36848
36849
36861
36864
36868
36871
36873
36875
36876
36882
36884
36885
36889
36895
36896
36902
36903
36904
36906
36910
36913
36914
36915
36923
36927
36932
36933
36934
36936
36943
36945
36946
36949
36950
36951
36956
36962
36963
36967
36976
36982
36990
36991
36992
36999
37007
37021
37023
37027
37031
37033
37036
37045
37055
37078
37086
37087
37089
37095
37105
37106
37109
37126
37127
37139
37140
37141
37150
37154
37164
37171
37172
37175
37177
37178
37186
37188
37202
37204
37206
37207
37208
37209
37210
37221
37222
37223
37224
37232
37233
37245
37247
37254
37258
37259
37268
37273
37277
37281
37283
37291
37292
37293
37302
37303
37305
37306
37307
37308
37311
37320
37326
37328
37338
37341
37345
37347
37348
37349
37352
37360
37364
37370
37374
37377
37379
37386
37388
37393
37395
37396
37402
37403
37405
37407
37426
37430
37433
37435
37436
37438
37440
37441
37442
37446
37447
37448
37449
37450
37451
37458
37466
37475
37476
37481
37487
37490
37491
37492
37496
37497
37498
37501
37504
37505
37509
37510
37514
37516
37517
37520
37521
37525
37537
37543
37555
37561
37563
37564
37569
37571
37578
37579
37584
37585
37589
37590
37596
37597
37598
37600
37601
37614
37618
37621
37622
37623
37651
37655
37657
37662
37668
37675
37679
37682
37691
37696
37699
37706
37719
37722
37735
37736
37739
37740
37744
37755
37760
37764
37769
37777
37779
37781
37784
37786
37792
37799
37806
37814
37815
37823
37831
37863
37864
37869
37873
37885
37886
37887
37893
37897
37902
37904
37920
37921
37924
37926
37940
37952
37954
37956
37958
37963
37964
37965
37966
37967
37968
37969
37970
37972
37973
37975
37976
37979
37980
37981
37982
37983
37985
37986
37988
37989
37990
37991
37992
37993
37997
37998
37999
38000
38002
38003
38004
38009
38010
38017
38020
38022
38026
38027
38030
38031
38034
38035
38038
38040
38042
38043
38044
38045
38046
38061
38062
38065
38068
38078
38081
38083
38084
38089
38091
38098
38101
38145
38150
38154
38157
38161
38162
38163
38181
38186
38198
38199
38201
38203
38212
38217
38226
38234
38235
38250
38251
38252
38254
38260
38262
38268
38276
38284
38292
38295
38297
38301
38304
38305
38307
38308
38309
38313
38319
38320
38321
38322
38323
38328
38329
38330
38331
38333
38349
38357
38366
38375
38383
38389
38390
38395
38397
38408
38409
38414
38419
38422
38431
38449
38450
38464
38470
38472
38473
38480
38483
38491
38513
38521
38524
38528
38529
38530
38533
38540
38544
38558
38572
38573
38578
38594
38610
38619
38628
38632
38653
38658
38659
38670
38671
38672
38673
38678
38680
38691
38699
38707
38708
38712
38719
38720
38731
38732
38733
38735
38739
38753
38759
38760
38766
38768
38770
38771
38775
38778
38779
38781
38784
38787
38789
38793
38795
38797
38807
38814
38815
38816
38817
38818
38819
38824
38826
38850
38851
38860
38864
38866
38889
38893
38895
38897
38915
38917
38920
38923
38935
38936
38938
38940
38958
38959
38963
38972
38980
38993
38994
38995
38999
39022
39026
39030
39063
39065
39071
39078
39085
39093
39112
39113
39178
39188
39194
39195
39196
39198
39199
39215
39216
39220
39221
39231
39239
39244
39264
39282
39299
39326
39337
39380
39392
39397
39415
39417
39421
39456
39468
39487
39491
39495
39506
39523
39527
39530
39533
39539
39560
39565
39567
39569
39570
39574
39581
39584
39590
39592
39597
39606
39607
39638
39640
39651
39652
39668
39674
39676
39689
39699
39701
39705
39708
39741
39799
39800
39806
39811
39826
39836
39849
39861
39884
39940
39959
39963
39979
39989
39991
40004
40023
40034
40040
40048
40058
40064
40066
40080
40100
40111
40131
40151
40154
40156
40171
40176
40178
40192
40194
40196
40197
40204
40206
40212
40228
40239
40256
40266
40269
40282
40288
40298
40312
40320
40323
40334
40337
40338
40344
40353
40363
40369
40394
40420
40438
40477
40480
40489
40542
40693
40769
40807
